FIVE

WINNING SITUATION	[[1, 1, 1, 1, 1]] 
THREE AND FOUR 		[[0, 1, 1, 1, 1], [0, 0, 1, 1, 1]]
REVERSED THREE AND FOUR	[[1, 1, 1, 1, 0], [1, 1, 1, 0, 0]] 
HOLE			[[1, 0, 1, 1, 1], [1, 1, 0, 1, 1], [1, 1, 1, 0, 1]]

/-------------------/

SIX

WINNING SITUATION 	[[0, 1, 1, 1, 1, 1], [1, 1, 1, 1, 1, 0], [2, 1, 1, 1, 1, 1], [1, 1, 1, 1, 1, 2]]
THREE AND FOUR		[[0, 0, 1, 1, 1, 1], [0, 0, 0, 1, 1, 1], [0, 1, 1, 1, 1, 0], [2, 0, 1, 1, 1, 1], [0, 1, 1, 1, 1, 2], [0, 0, 1, 1, 1, 0], [2, 0, 0, 1, 1, 1], [0, 0, 1, 1, 1, 2]] 
REVERSED THREE AND FOUR	[[0, 1, 1, 1, 1, 0], [0, 1, 1, 1, 0, 0], [1, 1, 1, 1, 0, 0], [2, 1, 1, 1, 1, 0], [1, 1, 1, 1, 0, 2], [1, 1, 1, 0, 0, 0], [2, 1, 1, 1, 0, 0], [1, 1, 1, 0, 0, 2]] 
HOLE			[[0, 1, 0, 1, 1, 1], [0, 1, 1, 0, 1, 1], [0, 1, 1, 1, 0, 1], [1, 0, 1, 1, 1, 0], [2, 1, 0, 1, 1, 1], [1, 0, 1, 1, 1, 2], [1, 1, 0, 1, 1, 0], [2, 1, 1, 0, 1, 1], [1, 1, 0, 1, 1, 2], [1, 1, 1, 0, 1, 0], [2, 1, 1, 1, 0, 1], [1, 1, 1, 0, 1, 2]]

/-------------------/

SEVEN

WINNING SITUATION	[[0, 1, 1, 1, 1, 1, 0], [0, 1, 1, 1, 1, 1, 2], [2, 1, 1, 1, 1, 1, 0], [2, 1, 1, 1, 1, 1, 2]]
THREE AND FOUR		[[0, 0, 1, 1, 1, 1, 0], [0, 0, 0, 1, 1, 1, 0], [0, 0, 1, 1, 1, 1, 2], [2, 0, 1, 1, 1, 1, 0], [2, 0, 1, 1, 1, 1, 2], [0, 0, 0, 1, 1, 1, 2], [2, 0, 0, 1, 1, 1, 0], [2, 0, 0, 1, 1, 1, 2]]
REVERSED THREE AND FOUR	[[0, 1, 1, 1, 1, 0, 0], [0, 1, 1, 1, 0, 0, 0], [0, 1, 1, 1, 1, 0, 2], [2, 1, 1, 1, 1, 0, 0], [2, 1, 1, 1, 1, 0, 2], [0, 1, 1, 1, 0, 0, 2], [2, 1, 1, 1, 0, 0, 0], [2, 1, 1, 1, 0, 0, 2]]
HOLE			[[0, 1, 0, 1, 1, 1, 0], [0, 1, 1, 0, 1, 1, 0], [0, 1, 1, 1, 0, 1, 0], [0, 1, 0, 1, 1, 1, 2], [2, 1, 0, 1, 1, 1, 0], [2, 1, 0, 1, 1, 1, 2], [0, 1, 1, 0, 1, 1, 2], [2, 1, 1, 0, 1, 1, 0], [2, 1, 1, 0, 1, 1, 2], [0, 1, 1, 1, 0, 1, 2], [2, 1, 1, 1, 0, 1, 0], [2, 1, 1, 1, 0, 1, 2]]

/-------------------/

SPECIAL

THREE NO LAST 1

[[0. 0. 0. 0. 0.]
 [0. 1. 0. 0. 0.]
 [0. 0. 1. 0. 0.]
 [0. 0. 0. 1. 0.]
 [0. 0. 0. 0. 0.]
 [0. 0. 0. 1. 0.]
 [0. 0. 1. 0. 0.]
 [0. 1. 0. 0. 0.]
 [0. 0. 0. 0. 0.]]
-----
[[0. 0. 0. 0. 0. 0. 0. 0. 0.]
 [0. 0. 0. 1. 0. 1. 0. 0. 0.]
 [0. 0. 1. 0. 0. 0. 1. 0. 0.]
 [0. 1. 0. 0. 0. 0. 0. 1. 0.]
 [0. 0. 0. 0. 0. 0. 0. 0. 0.]]
-----
[[0. 0. 0. 0. 0.]
 [0. 0. 0. 1. 0.]
 [0. 0. 1. 0. 0.]
 [0. 1. 0. 0. 0.]
 [0. 0. 0. 0. 0.]
 [0. 1. 0. 0. 0.]
 [0. 0. 1. 0. 0.]
 [0. 0. 0. 1. 0.]
 [0. 0. 0. 0. 0.]]
-----
[[0. 0. 0. 0. 0. 0. 0. 0. 0.]
 [0. 1. 0. 0. 0. 0. 0. 1. 0.]
 [0. 0. 1. 0. 0. 0. 1. 0. 0.]
 [0. 0. 0. 1. 0. 1. 0. 0. 0.]
 [0. 0. 0. 0. 0. 0. 0. 0. 0.]]
-----
---------------------

THREE NO LAST 1

[[0. 1. 1. 1. 0.]
 [0. 0. 0. 1. 0.]
 [0. 0. 1. 0. 0.]
 [0. 1. 0. 0. 0.]
 [0. 0. 0. 0. 0.]]
-----
[[0. 0. 0. 0. 0.]
 [1. 1. 0. 0. 0.]
 [1. 0. 1. 0. 0.]
 [1. 0. 0. 1. 0.]
 [0. 0. 0. 0. 0.]]
-----
[[0. 0. 0. 0. 0.]
 [0. 0. 0. 1. 0.]
 [0. 0. 1. 0. 0.]
 [0. 1. 0. 0. 0.]
 [0. 1. 1. 1. 0.]]
-----
[[0. 0. 0. 0. 0.]
 [0. 1. 0. 0. 1.]
 [0. 0. 1. 0. 1.]
 [0. 0. 0. 1. 1.]
 [0. 0. 0. 0. 0.]]
-----
---------------------

FOUR NO LAST 1

[[1. 0. 0. 0. 0.]
 [0. 1. 0. 0. 0.]
 [0. 0. 1. 0. 0.]
 [0. 0. 0. 1. 0.]
 [0. 0. 0. 0. 0.]
 [0. 0. 0. 1. 0.]
 [0. 0. 1. 0. 0.]
 [0. 1. 0. 0. 0.]
 [1. 0. 0. 0. 0.]]
-----
[[0. 0. 0. 0. 0. 0. 0. 0. 0.]
 [0. 0. 0. 1. 0. 1. 0. 0. 0.]
 [0. 0. 1. 0. 0. 0. 1. 0. 0.]
 [0. 1. 0. 0. 0. 0. 0. 1. 0.]
 [1. 0. 0. 0. 0. 0. 0. 0. 1.]]
-----
[[0. 0. 0. 0. 1.]
 [0. 0. 0. 1. 0.]
 [0. 0. 1. 0. 0.]
 [0. 1. 0. 0. 0.]
 [0. 0. 0. 0. 0.]
 [0. 1. 0. 0. 0.]
 [0. 0. 1. 0. 0.]
 [0. 0. 0. 1. 0.]
 [0. 0. 0. 0. 1.]]
-----
[[1. 0. 0. 0. 0. 0. 0. 0. 1.]
 [0. 1. 0. 0. 0. 0. 0. 1. 0.]
 [0. 0. 1. 0. 0. 0. 1. 0. 0.]
 [0. 0. 0. 1. 0. 1. 0. 0. 0.]
 [0. 0. 0. 0. 0. 0. 0. 0. 0.]]
-----
---------------------

FOUR NO LAST 1

[[1. 1. 1. 1. 0.]
 [0. 0. 0. 1. 0.]
 [0. 0. 1. 0. 0.]
 [0. 1. 0. 0. 0.]
 [1. 0. 0. 0. 0.]]
-----
[[0. 0. 0. 0. 0.]
 [1. 1. 0. 0. 0.]
 [1. 0. 1. 0. 0.]
 [1. 0. 0. 1. 0.]
 [1. 0. 0. 0. 1.]]
-----
[[0. 0. 0. 0. 1.]
 [0. 0. 0. 1. 0.]
 [0. 0. 1. 0. 0.]
 [0. 1. 0. 0. 0.]
 [0. 1. 1. 1. 1.]]
-----
[[1. 0. 0. 0. 1.]
 [0. 1. 0. 0. 1.]
 [0. 0. 1. 0. 1.]
 [0. 0. 0. 1. 1.]
 [0. 0. 0. 0. 0.]]
-----
---------------------

THREE YES LAST 1

[[0. 0. 0. 0. 0.]
 [0. 1. 0. 0. 0.]
 [0. 0. 1. 0. 0.]
 [0. 0. 0. 1. 0.]
 [0. 0. 0. 0. 1.]
 [0. 0. 0. 1. 0.]
 [0. 0. 1. 0. 0.]
 [0. 1. 0. 0. 0.]
 [0. 0. 0. 0. 0.]]
-----
[[0. 0. 0. 0. 1. 0. 0. 0. 0.]
 [0. 0. 0. 1. 0. 1. 0. 0. 0.]
 [0. 0. 1. 0. 0. 0. 1. 0. 0.]
 [0. 1. 0. 0. 0. 0. 0. 1. 0.]
 [0. 0. 0. 0. 0. 0. 0. 0. 0.]]
-----
[[0. 0. 0. 0. 0.]
 [0. 0. 0. 1. 0.]
 [0. 0. 1. 0. 0.]
 [0. 1. 0. 0. 0.]
 [1. 0. 0. 0. 0.]
 [0. 1. 0. 0. 0.]
 [0. 0. 1. 0. 0.]
 [0. 0. 0. 1. 0.]
 [0. 0. 0. 0. 0.]]
-----
[[0. 0. 0. 0. 0. 0. 0. 0. 0.]
 [0. 1. 0. 0. 0. 0. 0. 1. 0.]
 [0. 0. 1. 0. 0. 0. 1. 0. 0.]
 [0. 0. 0. 1. 0. 1. 0. 0. 0.]
 [0. 0. 0. 0. 1. 0. 0. 0. 0.]]
-----
---------------------

THREE YES LAST 1

[[0. 1. 1. 1. 1.]
 [0. 0. 0. 1. 0.]
 [0. 0. 1. 0. 0.]
 [0. 1. 0. 0. 0.]
 [0. 0. 0. 0. 0.]]
-----
[[1. 0. 0. 0. 0.]
 [1. 1. 0. 0. 0.]
 [1. 0. 1. 0. 0.]
 [1. 0. 0. 1. 0.]
 [0. 0. 0. 0. 0.]]
-----
[[0. 0. 0. 0. 0.]
 [0. 0. 0. 1. 0.]
 [0. 0. 1. 0. 0.]
 [0. 1. 0. 0. 0.]
 [1. 1. 1. 1. 0.]]
-----
[[0. 0. 0. 0. 0.]
 [0. 1. 0. 0. 1.]
 [0. 0. 1. 0. 1.]
 [0. 0. 0. 1. 1.]
 [0. 0. 0. 0. 1.]]
-----
---------------------

FOUR YES LAST 1

[[1. 0. 0. 0. 0.]
 [0. 1. 0. 0. 0.]
 [0. 0. 1. 0. 0.]
 [0. 0. 0. 1. 0.]
 [0. 0. 0. 0. 1.]
 [0. 0. 0. 1. 0.]
 [0. 0. 1. 0. 0.]
 [0. 1. 0. 0. 0.]
 [1. 0. 0. 0. 0.]]
-----
[[0. 0. 0. 0. 1. 0. 0. 0. 0.]
 [0. 0. 0. 1. 0. 1. 0. 0. 0.]
 [0. 0. 1. 0. 0. 0. 1. 0. 0.]
 [0. 1. 0. 0. 0. 0. 0. 1. 0.]
 [1. 0. 0. 0. 0. 0. 0. 0. 1.]]
-----
[[0. 0. 0. 0. 1.]
 [0. 0. 0. 1. 0.]
 [0. 0. 1. 0. 0.]
 [0. 1. 0. 0. 0.]
 [1. 0. 0. 0. 0.]
 [0. 1. 0. 0. 0.]
 [0. 0. 1. 0. 0.]
 [0. 0. 0. 1. 0.]
 [0. 0. 0. 0. 1.]]
-----
[[1. 0. 0. 0. 0. 0. 0. 0. 1.]
 [0. 1. 0. 0. 0. 0. 0. 1. 0.]
 [0. 0. 1. 0. 0. 0. 1. 0. 0.]
 [0. 0. 0. 1. 0. 1. 0. 0. 0.]
 [0. 0. 0. 0. 1. 0. 0. 0. 0.]]
-----
---------------------

FOUR YES LAST 1

[[1. 1. 1. 1. 1.]
 [0. 0. 0. 1. 0.]
 [0. 0. 1. 0. 0.]
 [0. 1. 0. 0. 0.]
 [1. 0. 0. 0. 0.]]
-----
[[1. 0. 0. 0. 0.]
 [1. 1. 0. 0. 0.]
 [1. 0. 1. 0. 0.]
 [1. 0. 0. 1. 0.]
 [1. 0. 0. 0. 1.]]
-----
[[0. 0. 0. 0. 1.]
 [0. 0. 0. 1. 0.]
 [0. 0. 1. 0. 0.]
 [0. 1. 0. 0. 0.]
 [1. 1. 1. 1. 1.]]
-----
[[1. 0. 0. 0. 1.]
 [0. 1. 0. 0. 1.]
 [0. 0. 1. 0. 1.]
 [0. 0. 0. 1. 1.]
 [0. 0. 0. 0. 1.]]
-----
---------------------
