list_12800_points (HAI VINTO):
[1, 1, 1, 1, 1]
-------
[0, 1, 1, 1, 1, 1]
-------
[1, 1, 1, 1, 1, 0]
-------
[2, 1, 1, 1, 1, 1]
-------
[1, 1, 1, 1, 1, 2]
-------
[0, 1, 1, 1, 1, 1, 0]
-------
[0, 1, 1, 1, 1, 1, 2]
-------
[2, 1, 1, 1, 1, 1, 0]
-------
[2, 1, 1, 1, 1, 1, 2]
-------
[[1. 0. 0. 0. 0.]
 [0. 1. 0. 0. 0.]
 [0. 0. 1. 0. 0.]
 [0. 0. 0. 1. 0.]
 [0. 0. 0. 0. 1.]
 [0. 0. 0. 1. 0.]
 [0. 0. 1. 0. 0.]
 [0. 1. 0. 0. 0.]
 [1. 0. 0. 0. 0.]]
-------
[[0. 0. 0. 0. 1. 0. 0. 0. 0.]
 [0. 0. 0. 1. 0. 1. 0. 0. 0.]
 [0. 0. 1. 0. 0. 0. 1. 0. 0.]
 [0. 1. 0. 0. 0. 0. 0. 1. 0.]
 [1. 0. 0. 0. 0. 0. 0. 0. 1.]]
-------
[[0. 0. 0. 0. 1.]
 [0. 0. 0. 1. 0.]
 [0. 0. 1. 0. 0.]
 [0. 1. 0. 0. 0.]
 [1. 0. 0. 0. 0.]
 [0. 1. 0. 0. 0.]
 [0. 0. 1. 0. 0.]
 [0. 0. 0. 1. 0.]
 [0. 0. 0. 0. 1.]]
-------
[[1. 0. 0. 0. 0. 0. 0. 0. 1.]
 [0. 1. 0. 0. 0. 0. 0. 1. 0.]
 [0. 0. 1. 0. 0. 0. 1. 0. 0.]
 [0. 0. 0. 1. 0. 1. 0. 0. 0.]
 [0. 0. 0. 0. 1. 0. 0. 0. 0.]]
-------
[[1. 1. 1. 1. 1.]
 [0. 0. 0. 1. 0.]
 [0. 0. 1. 0. 0.]
 [0. 1. 0. 0. 0.]
 [1. 0. 0. 0. 0.]]
-------
[[1. 0. 0. 0. 0.]
 [1. 1. 0. 0. 0.]
 [1. 0. 1. 0. 0.]
 [1. 0. 0. 1. 0.]
 [1. 0. 0. 0. 1.]]
-------
[[0. 0. 0. 0. 1.]
 [0. 0. 0. 1. 0.]
 [0. 0. 1. 0. 0.]
 [0. 1. 0. 0. 0.]
 [1. 1. 1. 1. 1.]]
-------
[[1. 0. 0. 0. 1.]
 [0. 1. 0. 0. 1.]
 [0. 0. 1. 0. 1.]
 [0. 0. 0. 1. 1.]
 [0. 0. 0. 0. 1.]]
-------
/----------------------/
list_6400_points (UNA MOSSA PER VINCERE MA PIU' POSSIBILITA'):
[0, 1, 1, 1, 1, 0]
-------
[0, 1, 1, 1, 1, 0]
-------
[0, 0, 1, 1, 1, 1, 0]
-------
[2, 0, 1, 1, 1, 1, 0]
-------
[0, 1, 1, 1, 1, 0, 0]
-------
[0, 1, 1, 1, 1, 0, 2]
-------
[[0. 0. 0. 0. 0.]
 [0. 1. 0. 0. 0.]
 [0. 0. 1. 0. 0.]
 [0. 0. 0. 1. 0.]
 [0. 0. 0. 0. 1.]
 [0. 0. 0. 1. 0.]
 [0. 0. 1. 0. 0.]
 [0. 1. 0. 0. 0.]
 [0. 0. 0. 0. 0.]]
-------
[[0. 0. 0. 0. 1. 0. 0. 0. 0.]
 [0. 0. 0. 1. 0. 1. 0. 0. 0.]
 [0. 0. 1. 0. 0. 0. 1. 0. 0.]
 [0. 1. 0. 0. 0. 0. 0. 1. 0.]
 [0. 0. 0. 0. 0. 0. 0. 0. 0.]]
-------
[[0. 0. 0. 0. 0.]
 [0. 0. 0. 1. 0.]
 [0. 0. 1. 0. 0.]
 [0. 1. 0. 0. 0.]
 [1. 0. 0. 0. 0.]
 [0. 1. 0. 0. 0.]
 [0. 0. 1. 0. 0.]
 [0. 0. 0. 1. 0.]
 [0. 0. 0. 0. 0.]]
-------
[[0. 0. 0. 0. 0. 0. 0. 0. 0.]
 [0. 1. 0. 0. 0. 0. 0. 1. 0.]
 [0. 0. 1. 0. 0. 0. 1. 0. 0.]
 [0. 0. 0. 1. 0. 1. 0. 0. 0.]
 [0. 0. 0. 0. 1. 0. 0. 0. 0.]]
-------
[[0. 1. 1. 1. 1.]
 [0. 0. 0. 1. 0.]
 [0. 0. 1. 0. 0.]
 [0. 1. 0. 0. 0.]
 [0. 0. 0. 0. 0.]]
-------
[[1. 0. 0. 0. 0.]
 [1. 1. 0. 0. 0.]
 [1. 0. 1. 0. 0.]
 [1. 0. 0. 1. 0.]
 [0. 0. 0. 0. 0.]]
-------
[[0. 0. 0. 0. 0.]
 [0. 0. 0. 1. 0.]
 [0. 0. 1. 0. 0.]
 [0. 1. 0. 0. 0.]
 [1. 1. 1. 1. 0.]]
-------
[[0. 0. 0. 0. 0.]
 [0. 1. 0. 0. 1.]
 [0. 0. 1. 0. 1.]
 [0. 0. 0. 1. 1.]
 [0. 0. 0. 0. 1.]]
-------
/----------------------/
list_3200_points (DUE MOSSE PER VINCERE MA CASI SPECIALI):
[[0. 0. 0. 0. 0.]
 [0. 1. 0. 0. 0.]
 [0. 0. 1. 0. 0.]
 [0. 0. 0. 1. 0.]
 [0. 0. 0. 0. 0.]
 [0. 0. 0. 1. 0.]
 [0. 0. 1. 0. 0.]
 [0. 1. 0. 0. 0.]
 [0. 0. 0. 0. 0.]]
-------
[[0. 0. 0. 0. 0. 0. 0. 0. 0.]
 [0. 0. 0. 1. 0. 1. 0. 0. 0.]
 [0. 0. 1. 0. 0. 0. 1. 0. 0.]
 [0. 1. 0. 0. 0. 0. 0. 1. 0.]
 [0. 0. 0. 0. 0. 0. 0. 0. 0.]]
-------
[[0. 0. 0. 0. 0.]
 [0. 0. 0. 1. 0.]
 [0. 0. 1. 0. 0.]
 [0. 1. 0. 0. 0.]
 [0. 0. 0. 0. 0.]
 [0. 1. 0. 0. 0.]
 [0. 0. 1. 0. 0.]
 [0. 0. 0. 1. 0.]
 [0. 0. 0. 0. 0.]]
-------
[[0. 0. 0. 0. 0. 0. 0. 0. 0.]
 [0. 1. 0. 0. 0. 0. 0. 1. 0.]
 [0. 0. 1. 0. 0. 0. 1. 0. 0.]
 [0. 0. 0. 1. 0. 1. 0. 0. 0.]
 [0. 0. 0. 0. 0. 0. 0. 0. 0.]]
-------
[[0. 1. 1. 1. 0.]
 [0. 0. 0. 1. 0.]
 [0. 0. 1. 0. 0.]
 [0. 1. 0. 0. 0.]
 [0. 0. 0. 0. 0.]]
-------
[[0. 0. 0. 0. 0.]
 [1. 1. 0. 0. 0.]
 [1. 0. 1. 0. 0.]
 [1. 0. 0. 1. 0.]
 [0. 0. 0. 0. 0.]]
-------
[[0. 0. 0. 0. 0.]
 [0. 0. 0. 1. 0.]
 [0. 0. 1. 0. 0.]
 [0. 1. 0. 0. 0.]
 [0. 1. 1. 1. 0.]]
-------
[[0. 0. 0. 0. 0.]
 [0. 1. 0. 0. 1.]
 [0. 0. 1. 0. 1.]
 [0. 0. 0. 1. 1.]
 [0. 0. 0. 0. 0.]]
-------
/----------------------/
list_1600_points (UNA MOSSA PER VINCERE E UNA SOLA POSSIBILITA'):
[0, 1, 1, 1, 1]
-------
[1, 1, 1, 1, 0]
-------
[1, 0, 1, 1, 1]
-------
[1, 1, 0, 1, 1]
-------
[1, 1, 1, 0, 1]
-------
[0, 0, 1, 1, 1, 1]
-------
[2, 0, 1, 1, 1, 1]
-------
[0, 1, 1, 1, 1, 2]
-------
[1, 1, 1, 1, 0, 0]
-------
[2, 1, 1, 1, 1, 0]
-------
[1, 1, 1, 1, 0, 2]
-------
[0, 1, 0, 1, 1, 1]
-------
[0, 1, 1, 0, 1, 1]
-------
[0, 1, 1, 1, 0, 1]
-------
[1, 0, 1, 1, 1, 0]
-------
[2, 1, 0, 1, 1, 1]
-------
[1, 0, 1, 1, 1, 2]
-------
[1, 1, 0, 1, 1, 0]
-------
[2, 1, 1, 0, 1, 1]
-------
[1, 1, 0, 1, 1, 2]
-------
[1, 1, 1, 0, 1, 0]
-------
[2, 1, 1, 1, 0, 1]
-------
[1, 1, 1, 0, 1, 2]
-------
[0, 0, 1, 1, 1, 1, 2]
-------
[2, 0, 1, 1, 1, 1, 2]
-------
[2, 1, 1, 1, 1, 0, 0]
-------
[2, 1, 1, 1, 1, 0, 2]
-------
[0, 1, 0, 1, 1, 1, 0]
-------
[0, 1, 1, 0, 1, 1, 0]
-------
[0, 1, 1, 1, 0, 1, 0]
-------
[0, 1, 0, 1, 1, 1, 2]
-------
[2, 1, 0, 1, 1, 1, 0]
-------
[2, 1, 0, 1, 1, 1, 2]
-------
[0, 1, 1, 0, 1, 1, 2]
-------
[2, 1, 1, 0, 1, 1, 0]
-------
[2, 1, 1, 0, 1, 1, 2]
-------
[0, 1, 1, 1, 0, 1, 2]
-------
[2, 1, 1, 1, 0, 1, 0]
-------
[2, 1, 1, 1, 0, 1, 2]
-------
[[1. 0. 0. 0. 0.]
 [0. 1. 0. 0. 0.]
 [0. 0. 1. 0. 0.]
 [0. 0. 0. 1. 0.]
 [0. 0. 0. 0. 0.]
 [0. 0. 0. 1. 0.]
 [0. 0. 1. 0. 0.]
 [0. 1. 0. 0. 0.]
 [1. 0. 0. 0. 0.]]
-------
[[0. 0. 0. 0. 0. 0. 0. 0. 0.]
 [0. 0. 0. 1. 0. 1. 0. 0. 0.]
 [0. 0. 1. 0. 0. 0. 1. 0. 0.]
 [0. 1. 0. 0. 0. 0. 0. 1. 0.]
 [1. 0. 0. 0. 0. 0. 0. 0. 1.]]
-------
[[0. 0. 0. 0. 1.]
 [0. 0. 0. 1. 0.]
 [0. 0. 1. 0. 0.]
 [0. 1. 0. 0. 0.]
 [0. 0. 0. 0. 0.]
 [0. 1. 0. 0. 0.]
 [0. 0. 1. 0. 0.]
 [0. 0. 0. 1. 0.]
 [0. 0. 0. 0. 1.]]
-------
[[1. 0. 0. 0. 0. 0. 0. 0. 1.]
 [0. 1. 0. 0. 0. 0. 0. 1. 0.]
 [0. 0. 1. 0. 0. 0. 1. 0. 0.]
 [0. 0. 0. 1. 0. 1. 0. 0. 0.]
 [0. 0. 0. 0. 0. 0. 0. 0. 0.]]
-------
[[1. 1. 1. 1. 0.]
 [0. 0. 0. 1. 0.]
 [0. 0. 1. 0. 0.]
 [0. 1. 0. 0. 0.]
 [1. 0. 0. 0. 0.]]
-------
[[0. 0. 0. 0. 0.]
 [1. 1. 0. 0. 0.]
 [1. 0. 1. 0. 0.]
 [1. 0. 0. 1. 0.]
 [1. 0. 0. 0. 1.]]
-------
[[0. 0. 0. 0. 1.]
 [0. 0. 0. 1. 0.]
 [0. 0. 1. 0. 0.]
 [0. 1. 0. 0. 0.]
 [0. 1. 1. 1. 1.]]
-------
[[1. 0. 0. 0. 1.]
 [0. 1. 0. 0. 1.]
 [0. 0. 1. 0. 1.]
 [0. 0. 0. 1. 1.]
 [0. 0. 0. 0. 0.]]
-------
/----------------------/
list_800_points: (DUE MOSSE PER VINCERE PIU' SAFE)
[0, 0, 1, 1, 1, 0]
-------
[0, 1, 1, 1, 0, 0]
-------
[0, 0, 0, 1, 1, 1, 0]
-------
[2, 0, 0, 1, 1, 1, 0]
-------
[0, 1, 1, 1, 0, 0, 0]
-------
[0, 1, 1, 1, 0, 0, 2]
-------
/----------------------/
list_400_points: (DUE MOSSE PER VINCERE MENO SAFE)
[0, 0, 1, 1, 1]
-------
[1, 1, 1, 0, 0]
-------
[0, 0, 0, 1, 1, 1]
-------
[2, 0, 0, 1, 1, 1]
-------
[0, 0, 1, 1, 1, 2]
-------
[1, 1, 1, 0, 0, 0]
-------
[2, 1, 1, 1, 0, 0]
-------
[1, 1, 1, 0, 0, 2]
-------
[0, 0, 0, 1, 1, 1, 2]
-------
[2, 0, 0, 1, 1, 1, 2]
-------
[2, 1, 1, 1, 0, 0, 0]
-------
[2, 1, 1, 1, 0, 0, 2]
-------
/----------------------/
